0 21 25 1 3 5
1 21 25 0 2 3
2 0 1 3 4 5
3 0 1 2 4 5
4 2 3 5 6 7
5 3 4 6 7 8
6 4 5 7 8 9
7 5 6 8 9 10
8 6 7 9 10 11
9 7 8 10 11 12
10 8 9 11 12 45
11 9 10 12 45 46
12 10 11 44 45 46
13 18 19 20 14 15
14 15 16 17 18 16
15 16 17 18 19 20
16 17 18 19 20 13
17 14 15 16 13 19
18 19 20 14 15 13
19 20 18 14 13 17
20 14 15 18 19 13
21 25 24 23 26 27
22 21 27 28 23 24
23 24 25 21 22 28
24 25 23 21 22 27
25 21 26 24 23 28
26 21 25 27 28 23
27 26 21 24 28 22
28 26 27 22 23 25
29 30 31 32 20 14
30 29 14 30 31 32
31 20 29 32 19 13
32 29 30 31 13 18
33 32 31 18 19 13
34 35 36 37 22 27
35 34 36 37 22 27
36 34 35 36 37 27
37 34 35 36 21 27
38 36 37 21 26 27
39 40 41 42 50 49
40 39 50 41 42 43
41 39 40 42 43 44
42 40 41 43 44 45
43 41 42 44 45 40
44 41 42 43 45 46
45 43 44 46 47 48
46 45 44 43 47 48
47 44 45 47 48 49
48 46 47 49 50 39
49 46 47 48 50 39
50 47 48 49 39 40
51 52 53 54 22 28
52 51 53 54 55 56
53 51 52 54 55 56
54 51 52 53 55 56
55 52 53 54 56 57
56 53 54 55 57 58
57 54 55 56 58 59
58 55 56 57 59 60
59 57 58 60 61 62
60 57 58 59 61 62
61 58 59 60 62 63
62 59 60 61 63 57
63 62 61 60 59 58


