  8.9233718e+002
  5.6026143e+002
  2.6451332e+002
  1.5798152e+002
  1.4424703e+002
  1.2305519e+002
  1.1139241e+002
  9.0243355e+001
  7.4009920e+001
  6.7682945e+001
  5.7282735e+001
  4.9408198e+001
  4.7234093e+001
  4.0283822e+001
  3.4706543e+001
  3.0465219e+001
  2.6068594e+001
  2.5743871e+001
  2.3455123e+001
  2.2009895e+001
  1.9208436e+001
  1.7662178e+001
  1.5508725e+001
  1.5052718e+001
  1.3933453e+001
  1.2593666e+001
  1.2192256e+001
  1.0430803e+001
  1.0126554e+001
  9.9239532e+000
  9.3613003e+000
  8.4665065e+000
  8.1619206e+000
  7.0338254e+000
  6.5154867e+000
  6.1976500e+000
  5.8759603e+000
  5.2392959e+000
  5.0172139e+000
  4.8297899e+000
  4.2151182e+000
  3.7114971e+000
  3.3208608e+000
  3.2054822e+000
  3.0459726e+000
  2.7386249e+000
  2.4518997e+000
  2.1755878e+000
  1.8393848e+000
  1.8042331e+000
  1.7455358e+000
  1.6749384e+000
  1.4074052e+000
  1.0624513e+000
  1.0446980e+000
  9.5889313e-001
  7.3744668e-001
  6.4191718e-001
  5.4681572e-001
  1.9632268e-001
  1.7941210e-013
  1.1701591e-013
  9.2937317e-014
  8.3318092e-014
  7.2638152e-014
  6.0069438e-014
  5.6814963e-014
  4.7803542e-014
  4.3961938e-014
  3.7297091e-014
  3.6154364e-014
  3.4908258e-014
  2.6359463e-014
  2.4323262e-014
  2.2213098e-014
  2.1382302e-014
  1.8323173e-014
  1.6172282e-014
  1.5428250e-014
  1.4573582e-014
  1.1345398e-014
  1.0210383e-014
  9.9736316e-015
  9.6768679e-015
  7.7840223e-015
  6.0178446e-015
  4.7712185e-015
  4.3314658e-015
  4.0145868e-015
  2.7689507e-015
  1.8775534e-015
  1.1400870e-015
  9.0729281e-016
  1.5877501e-016
 -7.6427980e-016
 -1.8621623e-015
 -3.1114530e-015
 -3.2052144e-015
 -3.6929518e-015
 -5.2575170e-015
 -5.7035383e-015
 -6.1936450e-015
 -7.6672571e-015
 -8.5450627e-015
 -9.6860806e-015
 -1.0407141e-014
 -1.3017537e-014
 -1.3592038e-014
 -1.4544376e-014
 -1.5594100e-014
 -1.6154805e-014
 -1.9917273e-014
 -2.2655722e-014
 -2.4280766e-014
 -2.7462949e-014
 -2.9083878e-014
 -3.1577995e-014
 -3.5131998e-014
 -3.7726102e-014
 -3.9480758e-014
 -4.1494112e-014
 -4.9291440e-014
 -5.6258671e-014
 -6.7292517e-014
 -7.8318069e-014
 -1.0396966e-013
 -1.4573962e-013
 -2.1205832e-013
