  8.9233718e+002
  5.6026143e+002
  2.6451332e+002
  1.5798152e+002
  1.4424703e+002
  1.2305519e+002
  1.1139241e+002
  9.0243355e+001
  7.4009920e+001
  6.7682945e+001
  5.7282735e+001
  4.9408198e+001
  4.7234093e+001
  4.0283822e+001
  3.4706543e+001
  3.0465219e+001
  2.6068594e+001
  2.5743871e+001
  2.3455123e+001
  2.2009895e+001
  1.9208436e+001
  1.7662178e+001
  1.5508725e+001
  1.5052718e+001
  1.3933453e+001
  1.2593666e+001
  1.2192256e+001
  1.0430803e+001
  1.0126554e+001
  9.9239532e+000
  9.3613003e+000
  8.4665065e+000
  8.1619206e+000
  7.0338254e+000
  6.5154867e+000
  6.1976500e+000
  5.8759603e+000
  5.2392959e+000
  5.0172139e+000
  4.8297899e+000
  4.2151182e+000
  3.7114971e+000
  3.3208608e+000
  3.2054822e+000
  3.0459726e+000
  2.7386249e+000
  2.4518997e+000
  2.1755878e+000
  1.8393848e+000
  1.8042331e+000
  1.7455358e+000
  1.6749384e+000
  1.4074052e+000
  1.0624513e+000
  1.0446980e+000
  9.5889313e-001
  7.3744668e-001
  6.4191718e-001
  5.4681572e-001
  1.9632268e-001
  1.9343954e-013
  1.5651467e-013
  1.3285048e-013
  9.5446758e-014
  7.3209960e-014
  5.9236022e-014
  5.5283424e-014
  5.1488007e-014
  4.6308739e-014
  4.2977099e-014
  3.3200808e-014
  3.0792661e-014
  2.8279210e-014
  2.7964984e-014
  2.4756809e-014
  2.3022868e-014
  2.0105712e-014
  1.9075783e-014
  1.8089701e-014
  1.5929367e-014
  1.5096832e-014
  1.3508134e-014
  1.1712982e-014
  9.3139530e-015
  7.9132917e-015
  7.1907151e-015
  5.7772077e-015
  5.1593108e-015
  4.1074187e-015
  3.2181948e-015
  2.9932158e-015
  1.8888568e-015
  8.3803544e-016
 -1.5311679e-016
 -3.0433784e-016
 -1.6336404e-015
 -1.7869815e-015
 -2.3899873e-015
 -3.2614991e-015
 -4.5817327e-015
 -4.9194728e-015
 -5.5436654e-015
 -6.5284854e-015
 -7.4637491e-015
 -8.1963820e-015
 -1.1097298e-014
 -1.1704325e-014
 -1.1971413e-014
 -1.3438782e-014
 -1.5114827e-014
 -1.6146288e-014
 -1.8909255e-014
 -2.0744080e-014
 -2.1569573e-014
 -2.3678032e-014
 -2.8349970e-014
 -2.8768605e-014
 -2.9261746e-014
 -3.5123141e-014
 -3.9371228e-014
 -4.8791078e-014
 -4.9497640e-014
 -5.3211212e-014
 -6.3088527e-014
 -6.5618337e-014
 -8.6721760e-014
 -1.2734864e-013
 -1.3648059e-013
