  1.9600346e+002
  2.8822583e+002
  2.0025048e+002
  3.0866526e+002
  2.0835665e+002
  3.2786092e+002
  2.1737183e+002
  3.4551310e+002
  2.3097796e+002
  3.6368763e+002
  2.4860219e+002
  3.8041454e+002
  2.7765855e+002
  3.9123835e+002
  3.0771148e+002
  3.8446984e+002
  3.2865331e+002
  3.6988637e+002
  3.4425984e+002
  3.5274742e+002
  3.5554322e+002
  3.3564917e+002
  3.6475969e+002
  3.1779637e+002
  3.7236431e+002
  2.9951752e+002
  3.5628753e+002
  2.4513116e+002
  3.1288616e+002
  2.4336253e+002
  3.2296692e+002
  2.4890878e+002
  3.3375138e+002
  2.5065074e+002
  3.4499197e+002
  2.4989285e+002
  3.4583380e+002
  2.3906672e+002
  3.3530893e+002
  2.3699815e+002
  3.2463749e+002
  2.3668288e+002
  2.2070726e+002
  2.3539058e+002
  2.6460920e+002
  2.3967134e+002
  2.5362920e+002
  2.4416922e+002
  2.4316845e+002
  2.4443534e+002
  2.3178409e+002
  2.4189524e+002
  2.3301931e+002
  2.3119997e+002
  2.4386820e+002
  2.3059415e+002
  2.5409135e+002
  2.3203180e+002
  3.1240415e+002
  2.1703742e+002
  3.2663667e+002
  2.1637610e+002
  3.4086897e+002
  2.1673578e+002
  3.5420478e+002
  2.1907319e+002
  3.7551136e+002
  2.3972262e+002
  2.6583990e+002
  2.1221315e+002
  2.5198514e+002
  2.0999192e+002
  2.3833830e+002
  2.0897468e+002
  2.2334967e+002
  2.0961323e+002
  1.9939454e+002
  2.3088457e+002
  2.4630210e+002
  3.2997229e+002
  2.5982047e+002
  3.2388496e+002
  2.7221251e+002
  3.1976320e+002
  2.8186575e+002
  3.2353658e+002
  2.9225853e+002
  3.2057934e+002
  3.0506512e+002
  3.2599164e+002
  3.1813991e+002
  3.3368013e+002
  3.0721897e+002
  3.4326893e+002
  2.9636249e+002
  3.4840335e+002
  2.8141600e+002
  3.5104402e+002
  2.6820179e+002
  3.4720877e+002
  2.5738504e+002
  3.4069659e+002
  2.7882688e+002
  2.3304720e+002
  2.7721038e+002
  2.4761690e+002
  2.7237656e+002
  2.6585328e+002
  2.6055341e+002
  2.7768530e+002
  2.5455845e+002
  2.8687388e+002
  2.5840088e+002
  2.9835805e+002
  2.8256278e+002
  3.0365831e+002
  3.1037594e+002
  3.0166813e+002
  3.1379277e+002
  2.9109924e+002
  3.0910949e+002
  2.8099151e+002
  2.9949319e+002
  2.6723127e+002
  2.9773545e+002
  2.4901878e+002
  2.9818644e+002
  2.3415094e+002
